!  NACA 0012 Sandia
!  For example, the Sandia 17 m turbine
!  Sheldahl and Klimas
!  High Re from Abbott and von Doenhoff "smooth"
!
!  Updated the drag estimate, lowering Cd
!  just beyond stall, for Re = 8.6e5, 1.76e6,
!  and 3e6.  These now better match flat-plate
!  theory.
naca0012
1 -5. 5. -5. 5. 0.10
7
1.e1 23
-20.0 -0.68 0.3000  0.085
-17.6 -0.62 0.2500  0.082
-16.0 -0.67 0.2100  0.080
-14.0 -0.69 0.1800  0.070
-13.0 -0.73 0.1600  0.050
-12.4 -0.77 0.0300  0.025
-11.6 -0.96 0.0290  0.000
-10.0 -0.89 0.0230  0.000
 -8.0 -0.80 0.0215  0.000
 -6.0 -0.66 0.0175  0.000
 -4.0 -0.44 0.0140  0.000
  0.0  0.00 0.0080  0.000
  4.0  0.44 0.0140  0.000
  6.0  0.66 0.0175  0.000
  8.0  0.80 0.0215  0.000
 10.0  0.89 0.0230  0.000
 11.6  0.96 0.0290  0.000
 12.4  0.77 0.0300 -0.025
 13.0  0.73 0.1600 -0.050
 14.0  0.69 0.1800 -0.070
 16.0  0.67 0.2100 -0.080
 17.6  0.62 0.2500 -0.082
 20.0  0.68 0.3000 -0.085
3.6e5 23
-20.0 -0.68 0.3000  0.085
-17.6 -0.62 0.2500  0.082
-16.0 -0.67 0.2100  0.080
-14.0 -0.69 0.1800  0.070
-13.0 -0.73 0.1600  0.050
-12.4 -0.77 0.0300  0.025
-11.6 -0.96 0.0290  0.000
-10.0 -0.89 0.0230  0.000
 -8.0 -0.80 0.0215  0.000
 -6.0 -0.66 0.0175  0.000
 -4.0 -0.44 0.0140  0.000
  0.0  0.00 0.0080  0.000
  4.0  0.44 0.0140  0.000
  6.0  0.66 0.0175  0.000
  8.0  0.80 0.0215  0.000
 10.0  0.89 0.0230  0.000
 11.6  0.96 0.0290  0.000
 12.4  0.77 0.0300 -0.025
 13.0  0.73 0.1600 -0.050
 14.0  0.69 0.1800 -0.070
 16.0  0.67 0.2100 -0.080
 17.6  0.62 0.2500 -0.082
 20.0  0.68 0.3000 -0.085
7.0e5 21
-20.0 -0.65 0.3000  0.085
-16.0 -0.60 0.2100  0.080
-14.4 -0.60 0.1800  0.070
-13.0 -0.72 0.1600  0.050
-12.4 -0.77 0.0290  0.025
-11.5 -1.00 0.0270  0.000
-10.0 -0.95 0.0240  0.000
 -8.0 -0.83 0.0200  0.000
 -6.0 -0.66 0.0165  0.000
 -4.0 -0.44 0.0120  0.000
  0.0  0.00 0.0074  0.000
  4.0  0.44 0.0120  0.000
  6.0  0.66 0.0165  0.000
  8.0  0.83 0.0200  0.000
 10.0  0.95 0.0240  0.000
 11.5  1.00 0.0270  0.000
 12.4  0.77 0.0290 -0.025
 13.0  0.72 0.1600 -0.050
 14.4  0.60 0.1800 -0.070
 16.0  0.60 0.2100 -0.080
 20.0  0.65 0.3000 -0.085
8.6e5 31
-24.0 -0.73 0.3289  0.085
-22.0 -0.70 0.2804  0.085
-20.0 -0.70 0.2343  0.085
-18.0 -0.68 0.1910  0.060
-17.0 -0.68 0.1700  0.050
-16.0 -0.95 0.1500  0.040
-15.0 -0.98 0.1100  0.033
-14.0 -1.05 0.0600  0.025
-13.0 -1.13 0.0296  0.000
-12.0 -1.12 0.0227  0.000
-10.0 -0.99 0.0188  0.000
 -8.0 -0.84 0.0152  0.000
 -6.0 -0.66 0.0122  0.000
 -4.0 -0.44 0.0090  0.000
 -2.0 -0.22 0.0075  0.000
  0.0  0.00 0.0070  0.000
  2.0  0.22 0.0075  0.000
  4.0  0.44 0.0090  0.000
  6.0  0.66 0.0122  0.000
  8.0  0.84 0.0152  0.000
 10.0  0.99 0.0188  0.000
 12.0  1.12 0.0227  0.000
 13.0  1.13 0.0296  0.000
 14.0  1.05 0.0600 -0.025
 15.0  0.98 0.1100 -0.033
 16.0  0.95 0.1500 -0.040
 17.0  0.68 0.1700 -0.050
 18.0  0.68 0.1910 -0.060
 20.0  0.70 0.2343 -0.085
 22.0  0.70 0.2804 -0.085
 24.0  0.73 0.3289 -0.085
1.76e6 31
-24.0 -0.80 0.3289  0.095
-22.0 -0.74 0.2804  0.090
-20.0 -0.74 0.2271  0.085
-18.2 -0.87 0.1800  0.060
-17.0 -0.95 0.1400  0.050
-16.1 -0.98 0.1150  0.040
-15.2 -1.10 0.0750  0.020
-14.2 -1.33 0.0187  0.000
-13.0 -1.30 0.0176  0.000
-12.0 -1.22 0.0160  0.000
-10.0 -1.05 0.0134  0.000
 -8.0 -0.88 0.0108  0.000
 -6.0 -0.66 0.0081  0.000
 -4.0 -0.44 0.0066  0.000
 -2.0 -0.22 0.0063  0.000
  0.0  0.00 0.0060  0.000
  2.0  0.22 0.0063  0.000
  4.0  0.44 0.0077  0.000
  6.0  0.66 0.0099  0.000
  8.0  0.88 0.0129  0.000
 10.0  1.05 0.0158  0.000
 12.0  1.22 0.0188  0.000
 13.0  1.30 0.0204  0.000
 14.2  1.33 0.0224  0.000
 15.2  1.10 0.0750 -0.020
 16.1  0.98 0.1150 -0.040
 17.0  0.95 0.1400 -0.050
 18.2  0.87 0.1800 -0.060
 20.0  0.74 0.2271 -0.085
 22.0  0.74 0.2804 -0.090
 24.0  0.80 0.3289 -0.095
3.e6 15
-20.0 -0.87 0.2303  0.085
-18.0 -1.00 0.1910  0.075
-16.0 -1.55 0.0250  0.025
-14.0 -1.45 0.0200  0.000
-12.0 -1.28 0.0130  0.000
 -8.0 -0.90 0.0100  0.000
 -4.0 -0.44 0.0069  0.000
  0.0  0.00 0.0060  0.000
  4.0  0.44 0.0069  0.000
  8.0  0.90 0.0100  0.000
 12.0  1.28 0.0130  0.000
 14.0  1.45 0.0200  0.000
 16.0  1.55 0.0250 -0.025
 18.0  1.00 0.1910 -0.075
 20.0  0.87 0.2303 -0.085
1.e8 15
-20.0 -0.87 0.2303  0.085
-18.0 -1.00 0.1910  0.075
-16.0 -1.55 0.0250  0.025
-14.0 -1.45 0.0200  0.000
-12.0 -1.28 0.0130  0.000
 -8.0 -0.90 0.0100  0.000
 -4.0 -0.44 0.0069  0.000
  0.0  0.00 0.0060  0.000
  4.0  0.44 0.0069  0.000
  8.0  0.90 0.0100  0.000
 12.0  1.28 0.0130  0.000
 14.0  1.45 0.0200  0.000
 16.0  1.55 0.0250 -0.025
 18.0  1.00 0.1910 -0.075
 20.0  0.87 0.2303 -0.085


